PRICE = -0.0006316226582861926 * departure_time + -0.10585832693765997 * stops + -0.010489047550988749 * arrival_time + 0.36894581544115307 * class + 0.009988661189912257 * duration + -0.04984275010261981 * days_left + 0.12653807240747894 * bias
Training Time: 47.248127s

Logs:
MSE: 0.003506790622128429
RMSE: 0.05921816125251129
MAE: 0.038361917963900115
R2: 0.8819775101823013
